23705
18927
44235
37551
41037
5837
56767
12786
38118
33536
18123
59087
42461
9046
10948
15685
20267
3597
28696
21500
47549
48170
62080
50401
9857
22093
55923
5566
47827
63268
35511
24827
25299
15000
13879
11789
49771
47153
29897
8373
8454
28017
41787
7184
65527
18954
42337
13596
38227
61544
55150
48559
48606
49393
59719
22431
32204
41523
49862
19896
51947
58356
56699
63432
57419
37683
8004
9886
40246
39321
52227
5736
39994
55399
43794
12297
33950
56570
49689
38550
11772
57577
49691
41933
11325
4258
24475
46882
16108
58997
43912
9456
31579
7374
13045
22874
16926
60839
14085
63959
40906
9924
61412
46156
27512
61156
13518
39120
44220
55158
29366
5594
50117
11552
60106
40069
49782
6058
19722
23889
63937
29675
59464
41991
9322
57409
35868
60761
54629
62093
33057
39052
64681
15728
33821
60777
57307
44546
51272
20752
52400
60417
44851
54551
59360
4136
6430
37472
46328
2015
6677
26091
34699
61051
7675
63570
52707
7058
27497
27299
46511
32544
51671
27440
50646
32879
20041
52464
47703
5920
59905
25227
55715
26521
60325
54564
37655
14617
52281
23817
1437
5139
10587
45420
61733
28620
62656
41698
65256
50832
39238
46195
32892
44080
1809
40727
7657
39866
23957
5533
5241
25366
54119
55710
58345
9744
52003
24359
43966
29306
62026
58125
12102
56488
15806
8425
64060
60150
30378
20607
33490
36965
25972
61567
19892
13845
1635
15541
65074
63872
20325
14872
11805
46700
6183
41407
50774
5982
36789
59185
4272
60080
11539
17564
42612
36128
15764
27382
53641
20791
39821
55983
41736
23913
58745
22044
27939
50592
59425
34536
4553
26681
12550
11865
41002
54916
47214
51971
35481
54766
50999
59362
43338
40307
9078
36685
44768
10927
53961
2441
26126
63397
33223
61879
21977
5616
45061
13920
26869
39437
59230
9008
9648
12731
32339
37387
29771
24528
8251
47263
664
52723
46409
14095
64099
24129
24573
31454
1563
37839
26641
49367
57678
48604
54279
61338
57942
17954
38240
48452
52524
5110
61181
35577
44523
9031
48481
46057
41385
64774
37796
47207
5832
30141
64054
21340
49223
972
15464
44791
58145
45263
779
16187
50823
30134
56349
21536
31023
3785
54483
60356
13340
41283
31675
17880
57238
1694
14117
60965
28325
8014
34848
33621
18823
5894
63198
10983
3504
13423
23087
4588
51958
21863
31601
22039
14061
3063
49853
27092
17032
59172
20241
19205
6116
35360
19250
27856
57349
3092
19750
56263
14229
46965
27350
9992
61304
43333
28067
56036
28610
21408
10261
41087
47682
21321
36669
19380
56034
61954
31822
37896
24790
44984
13731
55410
59626
7912
22509
63123
35033
42400
60447
59155
6775
28707
21472
55363
40153
15618
57422
59455
38661
4192
62637
20130
9193
15796
21463
50724
61492
18574
58035
50645
26811
38437
46927
43747
59733
50975
41579
19652
16670
21228
39853
45284
1971
59655
9883
11896
18403
30761
11005
28995
1370
5296
3555
28985
17570
24071
33852
53030
64849
19280
31764
41505
52699
18932
10629
53436
19843
29022
18217
43575
27488
56942
43768
53524
47055
29452
40684
18495
40990
41816
56332
55349
16636
22016
28043
12506
19353
22862
11305
28938
43398
32182
28327
50332
50361
621
11974
59150
8584
58441
25009
49719
59596
35697
64093
28638
1581
52620
52111
22754
6847
51249
51453
26364
3190
34466
29414
34196
55295
1755
12359
27787
14904
6289
8574
46022
6546
54630
23058
59838
29604
28798
15519
12485
12612
46382
57882
14395
12483
25728
30044
7894
13311
24755
24679
27584
9117
10301
10542
15276
19372
63442
13137
34745
13595
14542
2637
64493
31795
57109
53070
48287
17346
33673
20142
13275
32890
24284
46579
9033
31956
36786
62358
49989
25977
6019
14553
20109
64909
48958
39712
33121
29366
12224
22594
62938
42866
20260
10293
62261
49368
47844
24752
60829
47083
39893
33984
11695
38925
13504
26083
40106
49325
21232
60720
41611
20862
6467
23755
8180
5023
42827
45959
32174
11
36392
24955
22598
37442
20676
43920
42643
38402
52548
43306
12249
5574
7581
22762
28657
38561
32322
48062
32746
21084
8001
34586
32185
41847
30436
54145
8366
11621
2227
10949
28685
24329
26905
44274
55376
64400
10514
19127
28629
12116
56953
41937
4043
272
35041
13949
53267
25591
33019
46563
28378
56172
5390
32653
38168
9526
6390
59133
49726
12707
28386
347
55606
23070
55486
36182
55843
9371
60496
50130
46240
25963
34419
16458
24681
32532
36951
43791
33927
12812
54476
32481
248
37278
18271
46672
11178
35161
50171
42720
41105
64589
32722
1910
11492
5722
13297
32832
51370
25878
19284
2971
20082
51896
59804
29745
57667
16169
37210
58502
51968
37678
10477
33312
19409
21669
32773
41475
62380
27292
44474
10334
62628
47482
21629
61817
35990
58384
15820
49494
31338
11104
51255
43310
7081
13659
18091
18823
40360
43049
60639
64547
55225
42264
63999
7569
17501
12507
1231
12911
58394
57
9103
797
34
17764
62032
31108
2896
25707
33851
47738
44905
41409
11275
48847
14719
15868
54646
27160
33992
10987
49510
36489
36273
53518
47390
28753
31082
50946
56764
40903
63278
1854
49599
35626
61961
4448
26012
3586
64095
33804
28561
53489
10257
30879
48521
16309
26381
13223
30405
42983
47830
22975
34287
8396
32754
41203
58357
50775
42741
6392
7214
42745
20963
24810
48072
18394
50249
3543
64776
36144
48922
51873
33556
3984
54543
21950
47303
53974
4435
1187
46369
663
9002
17638
1509
53877
48080
10599
36302
8480
41619
15219
41753
45813
21625
58884
46516
10170
37480
6465
9732
36263
45474
32640
20117
11745
41014
26744
34789
58030
34864
40016
38570
43481
41826
39950
15895
56464
56363
35037
55715
23889
8398
27836
61496
29431
5109
61239
44652
61812
59685
29726
27193
46057
33960
9025
37118
29779
20065
41716
15556
23052
56430
13818
49125
31950
40836
5322
39591
23990
58805
64440
58676
30058
54155
4203
26172
24017
48289
4716
31496
29119
36631
47602
3581
38118
46636
48729
3048
64865
64086
6244
52148
36314
59068
9405
26515
34426
12065
38412
5627
62229
27693
1380
42261
24941
24937
4121
38914
41527
23955
38180
21283
58948
18002
57151
53189
42381
35136
33969
34855
54204
43173
61
34601
54246
63414
36950
39806
63270
35703
43169
47282
40570
32934
11889
12738
4995
46627
